CSB006;2;10,5;12,5;
CSB007;2;10,5;12,5;
CSB008;2;10,5;12,5;
CSB009;2;10,5;12,5;
CSB010;2;10,5;12,5;
CSB011;2;10,5;12,5;
CSB012;2;10,5;12,5;
CSB018;4;15;16;
CSB019;4;15;16;
CSB020;4;15;16;
CSB022;4;15;16;
CSB021;4;15;16;
CSB014;3;17;18;
CSB015;3;17;18;
CSB017;19;15,5;16,5;
CSB016;19;15,5;16,5;
CSB001;1;11;12;
CSB002;1;11;12;
CSB005;1;11;12;
CSB003;1;11;12;
CSB004;1;11;12;
CSB023;4;15;16;
CSB024;4;15;16;
CSB031;6;8,5;9;
CSB032;20;9;10;
CSB013;3;17;18;
CSB027;5;11,5;12,5;
CSB028;5;11,5;12,5;
CSB029;5;11,5;12,5;
CSB030;5;11,5;12,5;
CSB033;3;17;18;
CSB034;7;13,5;13,5;
CSB036;21;15,5;15,5;
CSB037;10;18;18;
CSB038;9;15,5;15,5;
CSB039;9;15,5;15,5;
CSB040;9;15,5;15,5;
CSB041;9;15,5;15,5;
CSB042;8;15,5;16,5;
CSB043;8;15,5;16,5;
CSB044;8;15,5;16,5;
CSB045;1;11;12;
CSB046;5;11,5;12,5;
CSB047;5;11,5;12,5;
CSB048;24;17;18;
CSB049;25;15,5;18;
CSB050;26;17;18;
CSB051;26;17;18;
CSB052;26;17;18;
CSB053;27;16;17;
CSC001;28;5;0;
CSC002;29;6,5;0;
CSC003;30;8;0;
CSC004;31;10;0;
CSC005;32;9,50;0;
CSC006;33;11;0;
CSC007;34;12;0;
CSC008;35;9;0;
CSC009;36;13;0;
CSC010;37;15;0;
CSB054;2;10,5;12,5;
CSB055;4;15;16;